|0.1|-0.24385288|-0.24382050|-0.24382748|
2.540e-05|6.979e-06||
0.2|-0.23783213|-0.23780923|-0.23780736|
2.477e-05|1.870e-06||
0.3|-0.23196003|-0.23193537|-0.23193587|
2.416e-05|5.035e-07||
0.4|-0.22623292|-0.22620950|-0.22620935|
2.356e-05|1.413e-07||
0.5|-0.22064721|-0.22062416|-0.22062423|
2.298e-05|6.446e-08||
0.6|-0.21519941|-0.21517711|-0.21517699|
2.241e-05|1.137e-07||
0.7|-0.20988612|-0.20986386|-0.20986426|
2.186e-05|3.932e-07||
0.8|-0.20470401|-0.20468414|-0.20468269|
2.132e-05|1.456e-06||
0.9|-0.19964985|-0.19962362|-0.19962905|
2.080e-05|5.435e-06||
