0.0000000000
1.3032137297
3.0777943704
4.7679158460
5.9062798126
6.1841521675
5.5143027442
4.0474082101
2.1328272953
0.2318230551
-1.1960923915
-1.8061105069
-1.4528402205
-0.2261040536
1.5709131627
3.4957927557
5.0751261914
5.9203647370
5.8229055534
4.8051302998
3.1148977757
1.1648372645
-0.5686955611
-1.6622619696
-1.8490250630
-1.0840910680
0.4444904069
2.3617600895
4.1976458410
5.5020472841
5.9550313830
5.4451591339
4.0967661611
2.2395178998
0.3276932525
-1.1710411596
-1.8901342515
-1.6538968836
-0.5205184048
1.2321785922
3.1747575499
4.8313077480
5.7959627206
5.8322695031
4.9310796393
3.3127882002
1.3733726163
-0.4125571100
-1.6079601283
-1.9203681731
-1.2734925369
0.1740972933
2.0677965170
3.9437842165
5.3425825007
5.9215523526
5.5387832722
4.2878376017
2.4748429085
0.5435410072
-1.0333557667
-1.8699012606
-1.7614088054
-0.7345658585
0.9590998217
2.9048027608
4.6260535468
5.7013198957
5.8672323039
5.0830659453
3.5407113949
1.6176929960
-0.2152623850
-1.5094758260
-1.9481687050
-1.4240212554
-0.0654482845
1.7948411594
3.7013024796
5.1870886536
5.8883505886
5.6333199954
4.4843641856
2.7227163120
0.7796196208
-0.8692559960
-1.8202746373
-1.8406585941
-0.9254805035
0.7011302106
2.6408619895
4.4187416548
5.5994243642
5.8937811696
5.2296878278
3.7696832916
1.8711744690
-0.0010694884
-1.3887089170
-1.9520512085
-1.5532194386
-0.2899094769
1.5285293406
3.4568336902
5.0228422247
5.8430971128
5.7167278652
4.6746314123
2.9719074352
1.0254010451
-0.6883554592
-1.7498143381
-1.8991323495
-1.0997894563
0.4524697773
2.3775612637
4.2041192157
5.4849029139
5.9062968176
5.3650945709
3.9937675035
2.1280310148
0.2246497215
-1.2503944636
-1.9359909694
-1.6643130403
-0.5019075917
1.2665977841
3.2081815680
4.8474470726
5.7830161213
5.7858004133
4.8550903200
3.2187286166
1.2773266152
-0.4938194655
-1.6610976001
-1.9387433114
-1.2588047895
0.2122201270
2.1141484212
3.9812972540
5.3564993573
5.9030335181
5.4870656679
4.2104161232
2.3856304148
0.4594572342
-1.0965312326
-1.9013966295
-1.7581014315
-0.7017506085
1.0090032900
2.9552872944
4.6605627208
5.7072984561
5.8391971308
5.0239456489
3.4611265561
1.5333532667
-0.2874070484
-1.5553874904
-1.9601607204
-1.4026424027
-0.0193505102
1.8510190327
3.7505169207
5.2140624253
5.8833113736
5.5943912956
4.4180231169
2.6422062059
0.7017060803
-0.9283913572
-1.8489974212
-1.8347314750
-0.8891019745
0.7563525212
2.6987520614
4.4625143637
5.6157939402
5.8762129315
5.1799970520
3.6975897568
1.7919217366
-0.0704471756
-1.4335581256
-1.9636878706
-1.5310558701
-0.2415990909
1.5889650545
3.5124373399
5.0578715245
5.8468784157
5.6862687382
4.6153526041
2.8963150242
0.9500238718
-0.7470132531
-1.7793147051
-2.3759778616
-2.3909187724
-1.8204793815
-0.8043231466
0.4087594463
1.5217634708
2.2621867243
2.4487477712
2.0357699606
1.1243646637
-0.0623243165
-1.2337541303
-2.1031179044
-2.4575650666
-2.2103145900
-1.4219020143
-0.2853582350
0.9210511925
1.9019551653
2.4171941806
2.3406197579
1.6909799865
0.6273293394
-0.5899134088
-1.6627247806
-2.3284431366
-2.4240774055
-1.9262129828
-0.9567444429
0.2469685042
1.3902149482
2.1930882874
2.4590171272
2.1228928131
1.2670102998
0.1009194766
-1.0898799541
-2.0138387612
-2.4447396045
-2.2770829293
-1.5519169370
-0.4467875535
0.7677310054
1.7942822385
2.3815306019
2.3856972152
1.8057619461
0.7837131744
-0.4302159153
-1.5388131447
-2.2706552482
-2.4465617551
-2.0234646176
-1.1049527708
0.0840900508
1.2525446952
2.1143327142
2.4584583449
2.2006676310
1.4040767300
0.2637188767
-0.9412065552
-1.9156917966
-2.4211488742
-2.3338242668
-1.6750980839
-0.6062494690
0.6110301596
1.6787082947
2.3353800923
2.4202693940
1.9125923383
0.9366459742
-0.2686239911
-1.4081254348
-2.2028686619
-2.4582728129
-2.1118060440
-1.2482955037
-0.0791586883
1.1093589348
2.0262668004
2.4470738847
2.2687519374
1.5349603903
0.4253570061
-0.7883886081
-1.8091091950
-2.3868967561
-2.3802887453
-1.7909030342
-0.7630418005
0.4516386781
1.5557422568
2.2789458726
2.4441840578
2.0110007418
1.0854543080
-0.1058491969
-1.2712371267
-2.1253818720
-2.4591590098
-2.1908482558
-1.3861414402
-0.2420588568
0.9612881770
1.9292783388
2.4249138775
2.3268459270
1.6590849421
0.5851221007
-0.6320990378
-1.6945602866
-2.3421340774
-2.4162717613
-1.8988218475
-0.9164741218
0.2902584321
1.4259255987
2.2124764478
2.4573358997
2.1005538208
1.2294829072
0.0573916982
-1.1287510002
-2.0385360871
-2.4492164435
-2.2602431951
-1.5178835838
-0.4038931331
0.8089844428
1.8237944128
2.3920759035
2.3746937864
1.7759038101
0.7423106443
-0.4730260562
-1.5725494808
-2.2870579480
-2.4416148655
-1.9983793097
-1.0658708029
0.1276000500
1.2898299604
2.1362645121
2.4596670064
2.1808572337
1.3680975501
0.2203798722
-0.9812944845
-1.9427137275
-2.4284888955
-2.3196852854
-1.6429418156
-0.5639488897
0.6531183928
1.7102795144
2.3487045628
2.4120848203
1.8849025894
0.8962304663
-0.3118701321
-1.4436140452
-2.2219108924
-2.4562064612
-2.0891370251
-1.2105739841
-0.0356202115
1.1480546311
2.0506456603
2.4511671130
2.2515573690
1.5006878553
0.3823976163
-0.8295168958
-1.8383367413
-2.3970676384
-2.3689127769
-1.7607654489
-0.7215213302
0.4943763741
1.5892335000
2.2949908387
2.4388543795
1.9856013101
1.0462037898
-0.1493409059
-1.3083217394
-2.1469797818
-2.4599822950
-2.1706953476
-1.3499464734
-0.1986836215
1.0012239103
1.9559969099
2.4318736482
2.3123429029
1.6266699691
0.5427314948
-0.6740865778
-1.7258647466
-2.3550910338
-2.4077088993
-1.8708356544
-0.8759165936
0.3334573979
1.4611893887
2.2311712564
2.4548845857
2.0775565513
1.1915702159
0.0138459341
-1.1672683152
-2.0625945710
-2.4529257404
-2.2426951397
-1.4833745521
-0.3608721397
0.8499843584
1.8527350414
2.4018715698
2.3629461697
1.7454891367
0.7006754869
-0.5156879590
-1.6057930072
-2.3027439233
-2.4359028160
-1.9726677442
-1.0264548095
0.1710700615
1.3267110151
2.1575268416
2.4601048509
2.1603633935
1.3316896321
0.1769718044
-1.0210748930
-1.9691268455
-2.4350678704
-2.3048193547
-1.6102706776
-0.5214715785
0.6950019500
1.7413147622
2.3612929900
2.4031443409
1.8566221446
0.8555340953
-0.3550185383
-1.4786502520
-2.2402568143
-2.4533703768
-2.0658133068
-1.1724730915
0.0079294281
1.1863905470
2.0743818833
2.4544921879
2.2336572015
1.4659450307
0.3393183897
-0.8703852272
-1.8669881848
-2.4064873212
-2.3567944322
-1.7300760702
-0.6797747476
0.5369591411
1.6222267050
2.3103165944
2.4327604063
1.9595796253
1.0066254093
-0.1927858142
-1.3449963467
-2.1679048652
-2.4600346644
-2.1498621810
-1.3133284566
-0.1552461222
1.0408458774
1.9821025054
2.4380713119
2.2971152305
1.5937452259
0.5001708063
-0.7158628708
-1.7566283505
-2.3673099455
-2.3983915030
-1.8422631737
-0.8350845683
0.3765518639
1.4959952672
2.2491668544
2.4516639532
2.0539082115
1.1532841071
-0.0297041690
1.4327488510
1.5152750765
0.9865571528
0.1125659973
-0.8455588921
-1.6315253018
-2.0411463399
-1.9670620756
-1.4228316856
-0.5385683854
0.4714664178
1.3616331589
1.9152423437
1.9977256001
1.5896599952
0.7915758131
-0.2006202682
-1.1435838982
-1.8060932235
-2.0256459271
-1.7482347814
-1.0415623077
-0.0784584685
0.9054391456
1.6693816023
2.0264555645
1.8893487903
1.2917293377
0.3800041982
-0.6225247889
-1.4703318023
-1.9557793033
-1.9599540856
-1.4817806420
-0.6382838607
0.3640632862
1.2798919905
1.8850128515
2.0313056082
1.6829844503
0.9253598987
-0.0560479507
-1.0209310101
-1.7330288184
-2.0179731795
-1.8059794341
-1.1489320497
-0.2076813783
0.7873382220
1.5925268478
2.0107608851
1.9396558206
1.3966336087
0.5146572314
-0.4903232216
-1.3722426150
-1.9151660496
-1.9861572135
-1.5678257898
-0.7625851769
0.2324219151
1.1735909052
1.8304982664
2.0423172661
1.7571939828
1.0449429756
0.0799542651
-0.9015034076
-1.6591293918
-2.0074250917
-1.8611104776
-1.2560035981
-0.3402510596
0.6619434412
1.5052120122
1.9830971942
1.9785999565
1.4928251489
0.6447110046
-0.3580910801
-1.2700568420
-1.8679020469
-2.0052502511
-1.6484708539
-0.8849130357
0.0984803731
1.0609430216
1.7668330430
2.0433264066
1.8227302715
1.1590565597
0.2147979569
-0.7788559600
-1.5786219915
-1.9886875238
-1.9086522834
-1.3581098225
-0.4718503315
0.5331407033
1.4108081166
1.9462699525
2.0084280636
1.5820655120
0.7715722080
-0.2246133783
-1.1625888738
-1.8127038081
-2.0157860560
-1.7221127240
-1.0035840467
-0.0361197011
0.9434124677
1.6951899571
2.0351525208
1.8800665378
1.2679035069
0.3485433002
-0.6529216555
-1.4912968543
-1.9613178767
-1.9479062776
-1.4543448022
-0.6014736544
0.4018953998
1.3101034364
1.9007902460
2.0293358694
1.6642686074
0.8949703914
-0.0902070299
-1.0500571675
-1.7495745521
-2.0174922685
-1.7882140692
-1.1178746230
-0.1705957898
0.8216961353
1.6160540677
2.0179920538
1.9291022151
1.3711484300
0.4807377771
-0.5241256410
-1.3974157053
-1.9253200541
-1.9785888062
-1.5441794387
-0.7284500516
0.2688808051
1.2036321977
1.8469448183
2.0413137249
1.7391510450
1.0144371465
0.0446076640
-0.9328889330
-1.6787270061
-2.0102990112
-1.8464241934
-1.2272244670
-0.3043011717
0.6963822236
1.5298238580
1.9919684798
1.9696672887
1.4683807083
0.6108414845
-0.3929945713
-1.2973530869
-1.8808152674
-2.0005289380
-1.6271837387
-0.8521873223
0.1347144272
1.0918938042
1.7850001716
2.0443371701
1.8064103050
1.1294726135
0.1792622895
-0.8115758066
-1.6004497230
-1.9942153873
-1.8964650115
-1.3311310801
-0.4366268441
0.5680420713
1.4368978810
1.9572145812
2.0016006944
1.5591891455
0.7382979014
-0.2600900450
-1.1915343211
-1.8279847030
-2.0136157632
-1.7029783705
-0.9721272218
0.0000000000
0.0000000000
